# Sat, 26 Jan 2013 21:59:02
# tuning DX select_num 3 expand_num 3
2.3784428544460833E-6 9.796480402307306E-6 3.0761966382649954E-5 1.507204804879694E7
6.8698377109233215E-6 8.577318298725533E-5 5.9414966198934354E-5 4.0994595984520875E7
4.472655717262916E-5 4.608122303978246E-5 8.495135219704644E-5 2.147483647E9
7.19599831204481E-5 5.442101138795286E-6 8.719780155987572E-5 2.147483647E9
# Sat, 26 Jan 2013 22:02:32
# tuning DX select_num 3 expand_num 3
3.420062388233347E-6 2.8208014109574276E-5 5.335093945049906E-5 2.147483647E9
# Sat, 26 Jan 2013 22:04:11
# tuning DX select_num 3 expand_num 3
5.2890877640935956E-5 6.751734943151931E-5 1.1510576724339528E-6 3.3050937539616935E7
7.954887818075276E-5 6.04460235062575E-6 1.8345319724723674E-5 1.0863880453564493E7
7.21681619387306E-5 8.71629291073021E-5 9.993396738956183E-5 3.1152117899106074E7
6.024070815987459E-6 5.636652074046098E-5 5.014846605916668E-6 2.147483647E9
2.5621724496714548E-5 4.978085160121574E-5 1.4324922470454338E-5 2.147483647E9
8.123445312736881E-5 2.7545751763073302E-5 7.431612094178247E-5 2.147483647E9
7.066148667794432E-5 1.1382954148749258E-5 2.9588293763502194E-5 1.087494456067241E7
7.804313590391213E-5 1.6276525531706987E-5 9.441257671421533E-6 2.546852782139124E7
6.26783973368529E-5 8.736468884579411E-5 9.962406453325058E-5 3.0818094590183195E7
# Sat, 26 Jan 2013 22:11:42
# tuning DX select_num 3 expand_num 3
1.1661066860629655E-5 8.942418985595094E-5 9.456145867363559E-5 2.147483647E9
# Sat, 26 Jan 2013 22:13:04
# tuning DX select_num 3 expand_num 3
7.874794160427424E-5 9.893574180441438E-5 3.524829760404918E-5 2.147483647E9
8.262644307833829E-5 9.436511166339325E-5 7.326487764898568E-5 2.147483647E9
1.699968869488825E-5 3.086632505783972E-5 1.397694397335313E-5 3.0257541173408236E7
6.410982626434937E-5 3.8370672422643486E-5 4.1021856434621944E-5 2.8646952870915722E7
6.352186590718209E-5 4.356333932797067E-5 1.0381862952417843E-5 3.1074259544017345E7
9.473153375093021E-5 2.3809456147824626E-5 1.983457513587741E-5 2.9073889855807655E7
6.594970085918967E-5 5.2396085326078835E-5 4.552905682493712E-5 2.8279947195559096E7
2.8938102300648983E-5 5.483610746692185E-5 8.772391709172775E-5 3.0737138404519085E7
5.6651586614229526E-5 5.428102071231426E-5 8.709025757866583E-5 1.4512682539575763E7
7.878566341905075E-4 0.0012255041672445382 -0.0012336857863543293 3.165064576400225E7
4.507864481953724E-4 -0.001322076943004094 2.734958224055095E-4 2.147483647E9
2.3194837744717654E-4 0.0017733480428509566 -4.518599722737257E-4 8950283.26803798
7.582142145080517E-5 7.264572185216025E-4 0.0010882164203169355 2.0305199515516195E7
-0.002828710319155888 6.308542689791321E-4 -0.001989105941607186 2.147483647E9
-1.4294034992194714E-4 0.0037895830194775233 -9.515964514826389E-4 1.9685751995149583E7
-0.002960030886272848 -0.0012305240706428824 -0.001464807832943751 2.147483647E9
0.002959621470567161 0.004364361286731247 -4.2995067090811624E-4 2.147483647E9
-0.00123181099353837 -0.001015244701156473 -8.405918827622459E-4 2.147483647E9
0.0013939172519243067 -0.001385010914338234 0.0018574363645458944 2.147483647E9
